    // --- RightTransp_black.bmp (16x16) ---
    uint righttransp_black[] = {
    4278190080,4278190080,4278190080,4278190080,4278190080,4278190080,4278190080,4278190080,4278190080,4278190080,4278190080,4278190080,4278190080,4278190080,4278190080,4278190080,4278190080,4278190080,4278190080,4278190080,
    4278190080,4278190080,4278190080,4278190080,4278190080,4278190080,4278190080,4278190080,4278190080,4278190080,4278190080,4278190080,4278190080,4278190080,4278190080,4278190080,4278190080,4278190080,4278190080,4278190080,
    4278190080,4278190080,4278190080,4278190080,4278190080,4278190080,4278190080,4278190080,4278190080,4278190080,4278190080,4278190080,4278190080,4278190080,4278190080,4278190080,4278190080,4278190080,4278190080,4278190080,
    4278190080,4278190080,4278190080,4278190080,4278190080,4278190080,4278190080,4278190080,4278190080,4278190080,4280032284,4278190080,4278190080,4278190080,4278190080,4278190080,4278190080,4278190080,4278190080,4278190080,
    4278190080,4278190080,4278190080,4278190080,4278190080,4278190080,4280756007,4280756007,4278190080,4278190080,4278190080,4278190080,4278190080,4278190080,4278190080,4278190080,4278190080,4278190080,4278190080,4278190080,
    4278190080,4278190080,4280953386,4281742902,4280756007,4278190080,4278190080,4278190080,4278190080,4278190080,4278190080,4278190080,4278190080,4278190080,4278190080,4278190080,4278190080,4278190080,4280953386,4282071867,
    4281413937,4280163870,4278190080,4278190080,4278190080,4278190080,4278190080,4278190080,4278190080,4278190080,4278190080,4278190080,4278190080,4278190080,4280953386,4281742902,4280756007,4278190080,4278190080,4278190080,
    4278190080,4278190080,4278190080,4278190080,4278190080,4278190080,4278190080,4278190080,4278190080,4278190080,4280756007,4280756007,4278190080,4278190080,4278190080,4278190080,4278190080,4278190080,4278190080,4278190080,
    4278190080,4278190080,4278190080,4278190080,4278190080,4278190080,4280032284,4278190080,4278190080,4278190080,4278190080,4278190080,4278190080,4278190080,4278190080,4278190080,4278190080,4278190080,4278190080,4278190080,
    4278190080,4278190080,4278190080,4278190080,4278190080,4278190080,4278190080,4278190080,4278190080,4278190080,4278190080,4278190080,4278190080,4278190080,4278190080,4278190080,4278190080,4278190080,4278190080,4278190080,
    4278190080,4278190080,4278190080,4278190080,4278190080,4278190080,4278190080,4278190080,4278190080,4278190080,4278190080,4278190080,4278190080,4278190080,4278190080,4278190080,4278190080,4278190080,4278190080,4278190080,
    4278190080,4278190080,4278190080,4278190080,4278190080,4278190080,4278190080,4278190080,4278190080,4278190080,4278190080,4278190080,4278190080,4278190080,4278190080,4278190080,4278190080,4278190080,4278190080,4278190080,
    4278190080,4278190080,4278190080,4278190080,4278190080,4278190080,4278190080,4278190080,4278190080,4278190080,4278190080,4278190080,4278190080,4278190080,4278190080,4278190080,
    };
    SetData(RESOURCE_RIGHTTRANSP_BLACK, "righttransp_black", 16, 16, righttransp_black);

